0 -4 4 0 420
0 -3 3 0 315
0 -1 1 0 105
0 1 -1 0 -105
0 3 -3 0 -315
0 4 -4 0 -420
2 -4 2 180 315
2 -3 1 180 210
2 -1 -1 180 0
2 1 -3 180 -210
2 2 -4 180 -315
-2 -2 4 -180 315
-2 -1 3 -180 210
-2 1 1 -180 0
-2 3 -1 -180 -210
-2 4 -2 -180 -315
1 -4 3 90 367.5
1 -3 2 90 262.5
1 -2 1 90 157.5
1 1 -2 90 -157.5
1 2 -3 90 -262.5
1 3 -4 90 -367.5
-1 -3 4 -90 367.5
-1 -2 3 -90 262.5
-1 -1 2 -90 157.5
-1 2 -1 -90 -157.5
-1 3 -2 -90 -262.5
-1 4 -3 -90 -367.5
-3 -1 4 -270 262.5
-3 0 3 -270 157.5
-3 1 2 -270 52.5
-3 2 1 -270 -52.5
-3 3 0 -270 -157.5
-3 4 -1 -270 -262.5
3 -4 1 270 262.5
3 -3 0 270 157.5
3 -2 -1 270 52.5
3 -1 -2 270 -52.5
3 0 -3 270 -157.5
3 1 -4 270 -262.5
-4 0 4 -360 210
-4 1 3 -360 105
-4 2 2 -360 0
-4 3 1 -360 -105
-4 4 0 -360 -210
4 -4 0 360 210
4 -3 -1 360 105
4 -2 -2 360 0
4 -1 -3 360 -105
4 0 -4 360 -210
